0 0.98359375 0.49921875 0.0328125 0.2265625
0 0.909375 0.53671875 0.18125 0.2421875
0 0.98125 0.10546875 0.0375 0.0765625
0 0.8671875 0.64765625 0.203125 0.2392578125
0 0.90625 0.1546875 0.08046875 0.081640625
0 0.878125 0.3484375 0.128125 0.165234375
0 0.8296875 0.1234375 0.1060546875 0.1431640625
0 0.8078125 0.47578125 0.0869140625 0.1427734375
0 0.765625 0.41875 0.130859375 0.178125
0 0.63828125 0.18515625 0.0384765625 0.067578125
0 0.58125 0.4890625 0.137109375 0.2119140625
0 0.58828125 0.1765625 0.086328125 0.1373046875
0 0.5265625 0.19453125 0.0537109375 0.101171875
0 0.45390625 0.56484375 0.1921875 0.236328125
0 0.36796875 0.2625 0.0884765625 0.1443359375
0 0.28125 0.30546875 0.15078125 0.192578125
0 0.0765625 0.53203125 0.153125 0.1671875
0 0.09765625 0.3921875 0.095703125 0.1474609375
0 0.021875 0.38125 0.04375 0.140625