0 0.021875 0.5140625 0.04296875 0.2078125
0 0.090625 0.5484375 0.17265625 0.209375
0 0.0296875 0.15234375 0.04375 0.06875
0 0.14140625 0.64921875 0.1640625 0.203125
0 0.1046875 0.19609375 0.0671875 0.0703125
0 0.13125 0.375 0.10625 0.14375
0 0.17578125 0.16796875 0.0921875 0.12734375
0 0.19609375 0.4921875 0.07734375 0.13203125
0 0.23515625 0.4390625 0.115625 0.159375
0 0.29765625 0.01953125 0.0296875 0.0390625
0 0.315625 0.02265625 0.028125 0.021875
0 0.35234375 0.225 0.034375 0.06171875
0 0.4046875 0.50390625 0.1125 0.1875
0 0.39765625 0.21640625 0.0671875 0.1203125
0 0.4546875 0.2328125 0.04375 0.090625
0 0.521875 0.5734375 0.1703125 0.2125
0 0.60078125 0.29609375 0.07421875 0.13046875
0 0.68125 0.33515625 0.1265625 0.16875
0 0.8796875 0.54375 0.14765625 0.1453125
0 0.85 0.41484375 0.08203125 0.13359375
0 0.95390625 0.40625 0.08984375 0.12890625