0 0.1703125 0.66875 0.1625 0.147265625
0 0.83515625 0.65 0.057421875 0.096875
0 0.78125 0.6578125 0.047265625 0.0814453125
0 0.71484375 0.65625 0.0544921875 0.084375
0 0.66640625 0.67578125 0.0802734375 0.1015625
0 0.66953125 0.61796875 0.0642578125 0.053125
0 0.6265625 0.62421875 0.0412109375 0.067578125
0 0.61484375 0.68984375 0.0455078125 0.0546875
0 0.57109375 0.62421875 0.0646484375 0.0583984375
0 0.55390625 0.6796875 0.0822265625 0.08984375
0 0.44296875 0.6796875 0.10625 0.08359375
0 0.4625 0.6921875 0.0685546875 0.0630859375
0 0.36640625 0.678125 0.0638671875 0.074609375
0 0.31328125 0.678125 0.0947265625 0.09296875