0 0.821875 0.678125 0.14375 0.12734375
0 0.1984375 0.66015625 0.053125 0.09140625
0 0.24921875 0.6671875 0.04375 0.07578125
0 0.3109375 0.665625 0.05078125 0.0796875
0 0.35703125 0.684375 0.071875 0.0921875
0 0.35390625 0.63046875 0.05625 0.04453125
0 0.39375 0.6359375 0.034375 0.0609375
0 0.4046875 0.696875 0.0390625 0.0484375
0 0.44609375 0.6359375 0.0609375 0.053125
0 0.46171875 0.68828125 0.075 0.08203125
0 0.565625 0.68828125 0.096875 0.07265625
0 0.54765625 0.7 0.059375 0.053125
0 0.63828125 0.6859375 0.05625 0.06796875
0 0.68828125 0.6859375 0.084375 0.08203125