0 0.52421875 0.56875 0.263671875 0.3314453125
0 0.859375 0.17578125 0.058984375 0.1021484375
0 0.8140625 0.18046875 0.0662109375 0.1048828125
0 0.4875 0.153125 0.031640625 0.062890625
0 0.4703125 0.13515625 0.0255859375 0.0427734375
0 0.4578125 0.15625 0.0255859375 0.0412109375
0 0.42421875 0.15078125 0.0294921875 0.0552734375
0 0.40078125 0.12734375 0.0205078125 0.057421875
0 0.36640625 0.14765625 0.0236328125 0.0451171875
0 0.34921875 0.11640625 0.0423828125 0.0513671875
0 0.33046875 0.13359375 0.033203125 0.057421875
0 0.2671875 0.11484375 0.05 0.0517578125