0 0.0359375 0.76484375 0.071875 0.1421875
0 0.12421875 0.71484375 0.1125 0.0703125
0 0.1296875 0.77578125 0.09765625 0.13515625
0 0.2484375 0.7921875 0.0703125 0.08984375
0 0.26640625 0.72421875 0.08125 0.10703125
0 0.32734375 0.67109375 0.096875 0.06875
0 0.3484375 0.77109375 0.090625 0.13046875
0 0.39140625 0.72578125 0.065625 0.05625
0 0.434375 0.7875 0.09296875 0.09609375
0 0.48515625 0.746875 0.11015625 0.1234375
0 0.5265625 0.8109375 0.0546875 0.0796875
0 0.55703125 0.746875 0.04375 0.09921875
0 0.6265625 0.77109375 0.128125 0.14609375
0 0.74609375 0.7484375 0.0984375 0.1390625
0 0.7390625 0.7859375 0.03203125 0.0765625
0 0.7921875 0.7859375 0.0796875 0.10703125
0 0.8546875 0.78515625 0.05625 0.11328125
0 0.925 0.778125 0.0921875 0.16015625